0100010100000101
0000010100011010
0100000100001100
0100011000001101
0000011001111010
1100001000001100
0100011010000001
1100001001010100
1010000000000001
0000000000000000
0000000000000000
0000000000000000
0000000000000000
0000000000000000
0000000000000000
0000000000000000
0000000000000000
0000000000000000
0000000000000000
0000000000000000
0000000000000000
0000000000000000
0000000000000000
0000000000000000
0000000000000000
0000000000000000
0000000000000000
0000000000000000
0000000000000000
0000000000000000
0000000000000000
0000000000000000
1011111011101111
1101111010101101
