0100011110000101
0000011110100010
1000000100111110
1000010110111110
0100000110001000
0000010110000101
0100000110001000
0000010110000101
0100000110001000
0000010110000101
0100000110001000
0000010110000101
0100011000100010
1000011010110010
1001011010110010
1100011000110110
0100010110001000
1000010110111110
1100000110010000
0100001110001000
0100001111001000
0000010110000101
1100000110010100
0100001110001000
0100001111001000
0000010110000101
1001011010110010
1100000110010100
0100001110001000
0100001111001000
0000010110000101
1001011010110010
1100000110010100
0100001110001000
0100001111001000
1010000000000001
0000000000000000
0000000000000000
0000000000000000
0000000000000000
0000000000000000
0000000000000000
0000000000000000
0000000000000000
0000000000000000
0000000000000000
0000000000000000
0000000000000000
0000000000000000
0000000000000000
0000000000000000
0000000000000000
0000000000000000
0000000000000000
0000000000000000
0000000000000000
0000000000000000
0000000000000000
0000000000000000
0000000000000000
0000000000000000
0000000000000000
0000000000000000
0000000000000000
0000000000000000
0000000000000000
0000000000000000
0000000000000000
0000000000000000
0000000000000000
0000000000000000
0000000000000000
0000000000000000
0000000000000000
0000000000000000
0000000000000000
0000000000000000
0000000000000000
0000000000000000
0000000000000000
0000000000000000
0000000000000000
0000000000000000
0000000000000000
0000000000000000
0000000000000000
0000000000000000
0000000000000000
0000000000000000
0000000000000000
0000000000000000
0000000000000000
0000000000000000
0000000000000000
0000000000000000
0000000000000000
0000000000000000
0000000000000000
0000000000000000
0000000000000000
0000000000000000
0000000000000000
0000000000000000
0000000000000000
0000000000000000
0000000000000000
0000000000000000
0000000000000000
0000000000000000
0000000000000000
0000000000000000
0000000000000000
0000000000000000
0000000000000000
0000000000000000
0000000000000000
0000000000000000
0000000000000000
0000000000000000
0000000000000000
0000000000000000
0000000000000000
0000000000000000
0000000000000000
0000000000000000
0000000000000000
0000000000000000
0000000000000000
0100010101100111
0000000100100011
1100110111101111
1000100110101011
0001000100010001
0001000100010001
